N5.txt: 0.0005373954772949219
N10.txt: 0.0009963512420654297
N100.txt: 0.03996849060058594
N200.txt: 0.13899874687194824
N300.txt: 0.14904165267944336
N500.txt: 0.6716828346252441
N600.txt: 1.2154500484466553
N700.txt: 0.9024598598480225
N900.txt: 2.490427017211914
N1000.txt: 2.832731246948242
