N5.txt: 0.0
N10.txt: 0.0
N100.txt: 0.0229949951171875
N200.txt: 0.08699774742126465
N300.txt: 0.21600127220153809
N500.txt: 0.5950000286102295
N600.txt: 0.6356141567230225
N700.txt: 0.8999984264373779
N900.txt: 1.4612138271331787
N1000.txt: 1.7852158546447754
