N5.txt: 0.0
N10.txt: 0.0
N100.txt: 0.022064208984375
N200.txt: 0.07957196235656738
N300.txt: 0.2739725112915039
N500.txt: 0.7590062618255615
N600.txt: 1.0827419757843018
N700.txt: 1.4786114692687988
N900.txt: 2.807190179824829
N1000.txt: 2.8176634311676025
