N5.txt: 0.0
N10.txt: 0.0
N100.txt: 0.02028799057006836
N200.txt: 0.050193071365356445
N300.txt: 0.1323709487915039
N500.txt: 0.5028915405273438
N600.txt: 0.3063066005706787
N700.txt: 0.438124418258667
N900.txt: 1.209925889968872
N1000.txt: 1.3121545314788818
