N5.txt: 0.0
N10.txt: 0.0009980201721191406
N100.txt: 0.015938997268676758
N200.txt: 0.1179354190826416
N300.txt: 0.1607213020324707
N500.txt: 0.705348014831543
N600.txt: 1.1535232067108154
N700.txt: 1.084601640701294
N900.txt: 1.717533826828003
N1000.txt: 2.4864022731781006
