N5.txt: 0.0
N10.txt: 0.0
N100.txt: 0.01705455780029297
N200.txt: 0.06803512573242188
N300.txt: 0.10848212242126465
N500.txt: 0.552419900894165
N600.txt: 0.7017703056335449
N700.txt: 1.131812334060669
N900.txt: 1.685967206954956
N1000.txt: 2.3312244415283203
