N5.txt: 0.0
N10.txt: 0.0
N100.txt: 0.017968416213989258
N200.txt: 0.06805205345153809
N300.txt: 0.2571568489074707
N500.txt: 0.4756045341491699
N600.txt: 1.2780063152313232
N700.txt: 1.0112087726593018
N900.txt: 1.9321987628936768
N1000.txt: 2.492323637008667
