N5.txt: 0.0
N10.txt: 0.0010058879852294922
N100.txt: 0.02310967445373535
N200.txt: 0.0910491943359375
N300.txt: 0.29138731956481934
N500.txt: 0.742135763168335
N600.txt: 0.9871585369110107
N700.txt: 1.5465366840362549
N900.txt: 2.0674383640289307
N1000.txt: 2.5952975749969482
