N5.txt: 0.0
N10.txt: 0.0
N100.txt: 0.017929792404174805
N200.txt: 0.08802127838134766
N300.txt: 0.2399919033050537
N500.txt: 0.752131462097168
N600.txt: 0.7950761318206787
N700.txt: 1.15275239944458
N900.txt: 1.509528636932373
N1000.txt: 2.022850751876831
