N5.txt: 0.0
N10.txt: 0.0
N100.txt: 0.03832697868347168
N200.txt: 0.10769915580749512
N300.txt: 0.25392889976501465
N500.txt: 0.6248555183410645
N600.txt: 0.6972343921661377
N700.txt: 0.7167420387268066
N900.txt: 1.8800053596496582
N1000.txt: 2.0114986896514893
