N5.txt: 0.0010020732879638672
N10.txt: 0.0
N100.txt: 0.03414106369018555
N200.txt: 0.10189580917358398
N300.txt: 0.11805939674377441
N500.txt: 0.7026903629302979
N600.txt: 1.0727787017822266
N700.txt: 0.7850172519683838
N900.txt: 1.9683990478515625
N1000.txt: 2.588557720184326
