N5.txt: 0.0
N10.txt: 0.00099945068359375
N100.txt: 0.030998706817626953
N200.txt: 0.06703042984008789
N300.txt: 0.19215631484985352
N500.txt: 0.5258378982543945
N600.txt: 1.0457425117492676
N700.txt: 1.6776602268218994
N900.txt: 2.0596799850463867
N1000.txt: 3.535355567932129
