N5.txt: 0.0
N10.txt: 0.0006158351898193359
N100.txt: 0.04600358009338379
N200.txt: 0.11515283584594727
N300.txt: 0.2810075283050537
N500.txt: 0.6772112846374512
N600.txt: 1.1411330699920654
N700.txt: 1.271651268005371
N900.txt: 1.7986133098602295
N1000.txt: 2.7926957607269287
