N5.txt: 0.0
N10.txt: 0.0
N100.txt: 0.028007030487060547
N200.txt: 0.09999275207519531
N300.txt: 0.25214290618896484
N500.txt: 0.582587480545044
N600.txt: 0.7604553699493408
N700.txt: 1.2262492179870605
N900.txt: 1.8399829864501953
N1000.txt: 2.236353874206543
